00000.000  -51.69   41.97
00020.000  -51.78   55.55
00040.000  -51.61   39.78
00060.000  -51.54   29.53
00080.000  -51.65   46.25
00100.000  -51.79   78.95
00120.000  -51.52  111.92
00140.000  -52.03  100.34
00160.000  -51.44  101.84
00180.000  -51.64  122.90
00200.000  -51.83  161.45
00220.000  -51.72  163.35
00240.000  -51.49  145.85
00260.000  -52.06  148.19
00280.000  -51.92  165.71
00300.000  -51.63 -171.71
00320.000  -51.56  176.73
00340.000  -51.57  143.55
00360.000  -51.76  142.29
00380.000  -52.48  172.05
00400.000  -52.45  177.14
00420.000  -52.67 -173.01
00440.000  -52.19 -152.02
00460.000  -52.45 -137.36
00480.000  -52.62  -91.70
00500.000  -52.68  -84.58
00520.000  -52.77  -57.06
00540.000  -52.44  -38.18
00560.000  -52.33  -10.75
00580.000  -52.32    3.13
00600.000  -52.36   27.05
00620.000  -52.58   70.77
00640.000  -52.08  107.00
00660.000  -52.17  118.80
00680.000  -52.35  129.46
00700.000  -51.96  132.84
00720.000  -51.74  145.62
00740.000  -52.21  173.32
00760.000  -52.41 -163.78
00780.000  -52.31 -140.14
00800.000  -52.20 -138.86
00820.000  -52.09 -118.13
00840.000  -52.55 -115.25
00860.000  -51.98 -120.31
00880.000  -51.78 -117.76
00900.000  -52.29  -74.15
00920.000  -51.56  -46.33
00940.000  -51.43  -59.66
00960.000  -51.57  -66.22
00980.000  -51.60  -54.97
01000.000  -51.11  -30.08
01020.000  -51.88   -1.32
01040.000  -51.56   20.15
01060.000  -51.36  -12.46
01080.000  -51.21   -4.63
01100.000  -51.15   38.76
01120.000  -51.54   54.95
01140.000  -51.24   45.10
01160.000  -51.30   33.94
01180.000  -51.50   61.70
01200.000  -51.34   70.11
01220.000  -51.21   78.29
01240.000  -51.95   77.75
01260.000  -51.91  101.46
01280.000  -51.48  133.05
01300.000  -51.60  125.77
01320.000  -51.48  106.75
01340.000  -51.63   98.66
01360.000  -51.39   84.76
01380.000  -51.57   95.25
01400.000  -51.57  106.38
01420.000  -51.53  104.51
01440.000  -51.10  112.32
01460.000  -51.74  120.90
01480.000  -51.69  158.52
01500.000  -51.54 -172.21
01520.000  -51.61 -156.26
01540.000  -51.64 -152.09
01560.000  -51.38 -156.69
01580.000  -51.43 -138.20
01600.000  -51.57 -129.24
01620.000  -51.46 -124.26
01640.000  -51.38 -101.01
01660.000  -51.65  -80.25
01680.000  -51.37  -82.61
01700.000  -51.38  -91.28
01720.000  -51.58  -94.97
01740.000  -51.38  -93.66
01760.000  -51.24  -95.60
01780.000  -51.52  -80.67
01800.000  -51.72  -81.15
01820.000  -51.62  -84.02
01840.000  -51.56  -57.95
01860.000  -51.51  -53.84
01880.000  -51.50  -63.01
01900.000  -51.53  -45.19
01920.000  -51.55  -56.52
01940.000  -51.81  -57.81
01960.000  -51.36  -32.94
01980.000  -51.34  -13.87
02000.000  -51.36   -7.57
02020.000  -51.28    9.88
02040.000  -51.41    0.03
02060.000  -51.30    6.51
02080.000  -51.62    5.57
02100.000  -51.36   34.87
02120.000  -51.75   32.46
02140.000  -51.53   29.51
02160.000  -51.24   54.14
02180.000  -51.28   68.38
02200.000  -50.90   83.85
02220.000  -51.83  110.45
02240.000  -51.88  160.00
02260.000  -51.50 -165.81
02280.000  -50.72 -153.04
02300.000  -50.83 -170.83
02320.000  -51.45 -163.88
02340.000  -51.40 -138.70
02360.000  -51.80 -120.58
02380.000  -51.29 -121.04
02400.000  -51.85 -117.98
02420.000  -51.36  -99.02
02440.000  -51.26  -87.79
02460.000  -51.69  -74.41
02480.000  -51.66  -74.69
02500.000  -52.09  -62.08
02520.000  -52.10  -40.22
02540.000  -51.71  -20.44
02560.000  -51.37   17.34
02580.000  -51.31   55.84
02600.000  -51.35   84.73
02620.000  -51.10   97.32
02640.000  -51.42  100.63
02660.000  -51.35   91.81
02680.000  -51.20   68.81
02700.000  -51.14   87.58
02720.000  -51.21  101.29
02740.000  -51.56  120.49
02760.000  -51.56  140.06
02780.000  -51.32  155.03
02800.000  -51.92  166.90
02820.000  -51.67 -154.74
02840.000  -51.40 -149.05
02860.000  -51.69 -157.36
02880.000  -51.60 -135.64
02900.000  -52.07 -127.16
02920.000  -51.34 -112.56
02940.000  -51.23  -99.83
02960.000  -51.40  -72.86
02980.000  -51.56  -42.72
03000.000  -50.83  -26.83
03020.000  -51.06   -3.50
03040.000  -51.50   -4.51
03060.000  -51.35   -1.66
03080.000  -51.56    4.31
03100.000  -51.40  -10.21
03120.000  -52.02   10.72
03140.000  -51.70   50.82
03160.000  -51.57   70.62
03180.000  -51.89   86.27
03200.000  -51.40  106.04
03220.000  -51.45  122.73
03240.000  -51.38  119.84
03260.000  -51.50  126.84
03280.000  -51.51  156.45
03300.000  -51.39 -179.07
03320.000  -51.93 -143.26
03340.000  -51.53 -106.42
03360.000  -51.45  -76.01
03380.000  -51.28  -43.60
03400.000  -51.48  -40.70
03420.000  -51.44  -26.57
03440.000  -51.46   -8.77
03460.000  -51.76   19.01
03480.000  -51.52   47.99
03500.000  -51.38   56.31
03520.000  -51.56   80.88
03540.000  -51.25  114.78
03560.000  -51.05  143.63
03580.000  -51.84  135.00
03600.000  -51.93  109.89
03620.000  -51.42   92.56
03640.000  -51.26   97.28
03660.000  -51.94   83.74
03680.000  -51.66   83.58
03700.000  -51.76   97.37
03720.000  -51.78   99.60
03740.000  -51.71  107.01
03760.000  -51.11  106.25
03780.000  -50.95  104.05
03800.000  -51.31  106.78
03820.000  -51.52  143.64
03840.000  -51.45 -159.93
03860.000  -52.03 -120.56
03880.000  -51.62 -100.57
03900.000  -51.31  -85.65
03920.000  -51.62  -66.04
03940.000  -50.92  -51.69
03960.000  -51.54  -61.74
03980.000  -50.75  -46.43
04000.000  -51.51  -20.79
04020.000  -51.74  -13.23
04040.000  -51.26  -20.91
04060.000  -51.23  -47.62
04080.000  -52.40  -25.18
04100.000  -51.34  -11.96
04120.000  -50.84    7.45
04140.000  -51.68    2.74
04160.000  -50.94   -3.20
04180.000  -50.94  -31.92
04200.000  -51.03  -39.01
04220.000  -51.53  -32.12
04240.000  -51.50  -14.41
04260.000  -51.41  -11.41
04280.000  -52.56   13.07
04300.000  -51.40   44.23
04320.000  -51.37   57.71
04340.000  -51.64   56.45
